<?xml version="1.0"?>
<opencv_storage>
<cameraMatrix type_id="opencv-matrix">
  <rows>3</rows>
  <cols>3</cols>
  <dt>d</dt>
  <data>
    5.1083116568958388e+02 0. 3.1649554420013050e+02 0.
    5.1022450324012340e+02 2.0250420855367827e+02 0. 0. 1.</data></cameraMatrix>
<distCoeffs type_id="opencv-matrix">
  <rows>1</rows>
  <cols>5</cols>
  <dt>d</dt>
  <data>
    -8.2544339946428014e-02 5.9420529196292102e-03
    -4.4937580582483632e-03 -2.3025022756788848e-03
    2.4095362055881792e-01</data></distCoeffs>
</opencv_storage>
