<?xml version="1.0"?>
<opencv_storage>
<cameraMatrix type_id="opencv-matrix">
  <rows>3</rows>
  <cols>3</cols>
  <dt>d</dt>
  <data>
    7.0093574234197865e+02 0. 3.4649361542917245e+02 0.
    6.9757802750201449e+02 2.3344198381046866e+02 0. 0. 1.</data></cameraMatrix>
<distCoeffs type_id="opencv-matrix">
  <rows>1</rows>
  <cols>5</cols>
  <dt>d</dt>
  <data>
    1.7203385838704321e-01 -3.4864522885853899e-01
    -1.9794705078377654e-02 3.7096894016872432e-02
    4.8135056020807332e-01</data></distCoeffs>
</opencv_storage>
