<?xml version="1.0"?>
<opencv_storage>
<cameraMatrix type_id="opencv-matrix">
  <rows>3</rows>
  <cols>3</cols>
  <dt>d</dt>
  <data>
    6.7277484213313789e+02 0. 3.2073569104706513e+02 0.
    6.7611229945066736e+02 2.3614063743894278e+02 0. 0. 1.</data></cameraMatrix>
<distCoeffs type_id="opencv-matrix">
  <rows>1</rows>
  <cols>5</cols>
  <dt>d</dt>
  <data>
    -8.0188085276082399e-02 1.1997995468464260e+00
    -9.2935148925246680e-03 1.8003840870709973e-04
    -5.6542412530252522e+00</data></distCoeffs>
</opencv_storage>
