<?xml version="1.0"?>
<opencv_storage>
<cameraMatrix type_id="opencv-matrix">
  <rows>3</rows>
  <cols>3</cols>
  <dt>d</dt>
  <data>
    9.2119709051552070e+02 0. 2.5523286794194999e+02 0.
    9.2323019924805487e+02 2.6188282195081410e+02 0. 0. 1.</data></cameraMatrix>
<distCoeffs type_id="opencv-matrix">
  <rows>1</rows>
  <cols>5</cols>
  <dt>d</dt>
  <data>
    -2.4098480713584506e-02 -4.2619430635039474e-01
    -1.7318955675112723e-02 -1.8151683161084248e-02
    2.6833963932419898e+00</data></distCoeffs>
</opencv_storage>
