<?xml version="1.0"?>
<opencv_storage>
<cameraMatrix type_id="opencv-matrix">
  <rows>3</rows>
  <cols>3</cols>
  <dt>d</dt>
  <data>
    5.2427813077828478e+02 0. 2.9716576328978510e+02 0.
    5.2385023322334962e+02 2.3515607723068948e+02 0. 0. 1.</data></cameraMatrix>
<distCoeffs type_id="opencv-matrix">
  <rows>1</rows>
  <cols>5</cols>
  <dt>d</dt>
  <data>
    -1.9583746165849097e-01 8.1814856966908545e-01
    1.2148172919718093e-03 -1.3380951593929908e-05
    -1.1662749568982995e+00</data></distCoeffs>
</opencv_storage>
