<?xml version="1.0"?>
<opencv_storage>
<cameraMatrix type_id="opencv-matrix">
  <rows>3</rows>
  <cols>3</cols>
  <dt>d</dt>
  <data>
    3.7243371042674653e+02 0. 1.7994683843530757e+02 0.
    3.6516870492029705e+02 6.3156968673607686e+01 0. 0. 1.</data></cameraMatrix>
<distCoeffs type_id="opencv-matrix">
  <rows>1</rows>
  <cols>5</cols>
  <dt>d</dt>
  <data>
    1.0404170467698903e-01 -2.1264502363976501e+00
    3.5218804349597191e-02 2.5589379982896780e-02 2.6197077859131461e+00</data></distCoeffs>
</opencv_storage>
