<?xml version="1.0"?>
<opencv_storage>
<R type_id="opencv-matrix">
  <rows>3</rows>
  <cols>3</cols>
  <dt>d</dt>
  <data>
    9.8623218228752674e-01 7.4509501930321964e-02 1.4762932209584220e-01
    -7.0242184925709023e-02 9.9695314063713869e-01
    -3.3918591223812383e-02 -1.4970677365184606e-01
    2.3081800099665786e-02 9.8846098174228092e-01</data></R>
<T type_id="opencv-matrix">
  <rows>3</rows>
  <cols>1</cols>
  <dt>d</dt>
  <data>
    2.0713888810559163e+02 -5.2596737405137253e+00
    -1.4068864764384559e+01</data></T>
<R1 type_id="opencv-matrix">
  <rows>3</rows>
  <cols>3</cols>
  <dt>d</dt>
  <data>
    9.9556999074015629e-01 4.7502420800239011e-02 8.1141318425094186e-02
    -4.6312969545822140e-02 9.9879103242082823e-01
    -1.6479757509862372e-02 -8.1826049577706367e-02
    1.2648856622364493e-02 9.9656635706642926e-01</data></R1>
<R2 type_id="opencv-matrix">
  <rows>3</rows>
  <cols>3</cols>
  <dt>d</dt>
  <data>
    9.9738138413500699e-01 -2.5325523002413062e-02
    -6.7742102606813764e-02 2.6311185905271036e-02
    9.9955995094189587e-01 1.3697662913544290e-02 6.7365392281171374e-02
    -1.5444169051427340e-02 9.9760883194021244e-01</data></R2>
<P1 type_id="opencv-matrix">
  <rows>3</rows>
  <cols>4</cols>
  <dt>d</dt>
  <data>
    2.4270268160130675e+02 0. 3.1706784439086914e+02 0. 0.
    2.4270268160130675e+02 2.2754431056976318e+02 0. 0. 0. 1. 0.</data></P1>
<P2 type_id="opencv-matrix">
  <rows>3</rows>
  <cols>4</cols>
  <dt>d</dt>
  <data>
    2.4270268160130675e+02 0. 3.1706784439086914e+02
    5.0405155346608190e+04 0. 2.4270268160130675e+02
    2.2754431056976318e+02 0. 0. 0. 1. 0.</data></P2>
<Q type_id="opencv-matrix">
  <rows>4</rows>
  <cols>4</cols>
  <dt>d</dt>
  <data>
    1. 0. 0. -3.1706784439086914e+02 0. 1. 0. -2.2754431056976318e+02 0.
    0. 0. 2.4270268160130675e+02 0. 0. -4.8150368733589962e-03 0.</data></Q>
<vroi0>
  0 0 0 0</vroi0>
<vroi1>
  151 141 293 214</vroi1>
</opencv_storage>
