<?xml version="1.0"?>
<opencv_storage>
<R type_id="opencv-matrix">
  <rows>3</rows>
  <cols>3</cols>
  <dt>d</dt>
  <data>
    9.9901357129481028e-01 -2.2645356636761113e-03
    4.4348125631383531e-02 1.1923012128660742e-02 9.7570516251912098e-01
    -2.1876306273069859e-01 -4.2775298369138778e-02
    2.1907603180577215e-01 9.7476969902519406e-01</data></R>
<T type_id="opencv-matrix">
  <rows>3</rows>
  <cols>1</cols>
  <dt>d</dt>
  <data>
    8.1350068561214826e+01 4.8739557798304567e+01
    -1.6237843520200727e+01</data></T>
<R1 type_id="opencv-matrix">
  <rows>3</rows>
  <cols>3</cols>
  <dt>d</dt>
  <data>
    8.5794080055590061e-01 4.5538179641911231e-01
    -2.3783398039725662e-01 -4.7976083986821555e-01
    8.7574505723276119e-01 -5.3852866788427531e-02
    1.8375831755445765e-01 1.6030600182928231e-01 9.6981176859587814e-01</data></R1>
<R2 type_id="opencv-matrix">
  <rows>3</rows>
  <cols>3</cols>
  <dt>d</dt>
  <data>
    8.4551578356222923e-01 5.0657689822719709e-01
    -1.6876879430055092e-01 -4.8365901962047869e-01
    8.6052979715546762e-01 1.5988252233226480e-01 2.2622336856944517e-01
    -5.3556646553735800e-02 9.7260201167950044e-01</data></R2>
<P1 type_id="opencv-matrix">
  <rows>3</rows>
  <cols>4</cols>
  <dt>d</dt>
  <data>
    3.1579595567494192e+02 0. 4.7472847133874893e+02 0. 0.
    3.1579595567494192e+02 1.9409070825576782e+02 0. 0. 0. 1. 0.</data></P1>
<P2 type_id="opencv-matrix">
  <rows>3</rows>
  <cols>4</cols>
  <dt>d</dt>
  <data>
    3.1579595567494192e+02 0. 4.7472847133874893e+02
    3.0383847522368727e+04 0. 3.1579595567494192e+02
    1.9409070825576782e+02 0. 0. 0. 1. 0.</data></P2>
<Q type_id="opencv-matrix">
  <rows>4</rows>
  <cols>4</cols>
  <dt>d</dt>
  <data>
    1. 0. 0. -4.7472847133874893e+02 0. 1. 0. -1.9409070825576782e+02 0.
    0. 0. 3.1579595567494192e+02 0. 0. -1.0393547276803951e-02 0.</data></Q>
<vroi0>
  304 145 175 64</vroi0>
<vroi1>
  337 230 148 37</vroi1>
</opencv_storage>
