<?xml version="1.0"?>
<opencv_storage>
<R type_id="opencv-matrix">
  <rows>3</rows>
  <cols>3</cols>
  <dt>d</dt>
  <data>
    9.8623218082590314e-01 7.4509499394583886e-02 1.4762933313996729e-01
    -7.0242183782275355e-02 9.9695314109521871e-01
    -3.3918580127621979e-02 -1.4970678381716707e-01
    2.3081788499710390e-02 9.8846098047357167e-01</data></R>
<T type_id="opencv-matrix">
  <rows>3</rows>
  <cols>1</cols>
  <dt>d</dt>
  <data>
    2.0713888848545943e+02 -5.2596723462032626e+00
    -1.4068864479503528e+01</data></T>
<R1 type_id="opencv-matrix">
  <rows>3</rows>
  <cols>3</cols>
  <dt>d</dt>
  <data>
    9.9556998951455800e-01 4.7502425832334501e-02 8.1141330516736776e-02
    -4.6312974855813038e-02 9.9879103225812116e-01
    -1.6479752448434744e-02 -8.1826061484025908e-02
    1.2648850572301865e-02 9.9656635616561529e-01</data></R1>
<R2 type_id="opencv-matrix">
  <rows>3</rows>
  <cols>3</cols>
  <dt>d</dt>
  <data>
    9.9738138440683533e-01 -2.5325516249204399e-02
    -6.7742101129325480e-02 2.6311178756493997e-02
    9.9955995120270147e-01 1.3697657613516791e-02 6.7365391048729878e-02
    -1.5444163245854367e-02 9.9760883211331242e-01</data></R2>
<P1 type_id="opencv-matrix">
  <rows>3</rows>
  <cols>4</cols>
  <dt>d</dt>
  <data>
    2.4270290147830315e+02 0. 3.1706782627105713e+02 0. 0.
    2.4270290147830315e+02 2.2754431581497192e+02 0. 0. 0. 1. 0.</data></P1>
<P2 type_id="opencv-matrix">
  <rows>3</rows>
  <cols>4</cols>
  <dt>d</dt>
  <data>
    2.4270290147830315e+02 0. 3.1706782627105713e+02
    5.0405201089962487e+04 0. 2.4270290147830315e+02
    2.2754431581497192e+02 0. 0. 0. 1. 0.</data></P2>
<Q type_id="opencv-matrix">
  <rows>4</rows>
  <cols>4</cols>
  <dt>d</dt>
  <data>
    1. 0. 0. -3.1706782627105713e+02 0. 1. 0. -2.2754431581497192e+02 0.
    0. 0. 2.4270290147830315e+02 0. 0. -4.8150368658410950e-03 0.</data></Q>
<vroi0>
  0 0 0 0</vroi0>
<vroi1>
  151 141 293 214</vroi1>
</opencv_storage>
