<?xml version="1.0"?>
<opencv_storage>
<R type_id="opencv-matrix">
  <rows>3</rows>
  <cols>3</cols>
  <dt>d</dt>
  <data>
    9.9983901473661474e-01 -4.0693789249114454e-03
    -1.7475261533980692e-02 3.7304891607937069e-03
    9.9980520056714606e-01 -1.9381547139227059e-02
    1.7550728222405457e-02 1.9313235722021482e-02 9.9965942743756930e-01</data></R>
<T type_id="opencv-matrix">
  <rows>3</rows>
  <cols>1</cols>
  <dt>d</dt>
  <data>
    5.6007705383074857e+01 6.0941006923256413e+00 1.2757928804180179e+00</data></T>
<R1 type_id="opencv-matrix">
  <rows>3</rows>
  <cols>3</cols>
  <dt>d</dt>
  <data>
    9.9451839228292782e-01 1.0451380050235606e-01 3.1674777874960650e-03
    -1.0448015609229810e-01 9.9448268510702353e-01
    -9.3854144955708273e-03 -4.1309071533479555e-03
    9.0030287613875135e-03 9.9995093933613177e-01</data></R1>
<R2 type_id="opencv-matrix">
  <rows>3</rows>
  <cols>3</cols>
  <dt>d</dt>
  <data>
    9.9387763071773849e-01 1.0814209073586308e-01 2.2639420711915076e-02
    -1.0834625063389955e-01 9.9408110220762846e-01
    7.9907576138219492e-03 -2.1641283059720531e-02
    -1.0394731595524533e-02 9.9971176067033751e-01</data></R2>
<P1 type_id="opencv-matrix">
  <rows>3</rows>
  <cols>4</cols>
  <dt>d</dt>
  <data>
    7.8470550706566041e+02 0. 2.3896132087707520e+02 0. 0.
    7.8470550706566041e+02 2.6440411567687988e+02 0. 0. 0. 1. 0.</data></P1>
<P2 type_id="opencv-matrix">
  <rows>3</rows>
  <cols>4</cols>
  <dt>d</dt>
  <data>
    7.8470550706566041e+02 0. 2.3896132087707520e+02
    4.4220287783790118e+04 0. 7.8470550706566041e+02
    2.6440411567687988e+02 0. 0. 0. 1. 0.</data></P2>
<Q type_id="opencv-matrix">
  <rows>4</rows>
  <cols>4</cols>
  <dt>d</dt>
  <data>
    1. 0. 0. -2.3896132087707520e+02 0. 1. 0. -2.6440411567687988e+02 0.
    0. 0. 7.8470550706566041e+02 0. 0. -1.7745373139640915e-02 0.</data></Q>
<vroi0>
  47 63 501 349</vroi0>
<vroi1>
  63 80 500 347</vroi1>
</opencv_storage>
