<?xml version="1.0"?>
<opencv_storage>
<M1 type_id="opencv-matrix">
  <rows>3</rows>
  <cols>3</cols>
  <dt>d</dt>
  <data>
    6.4603430532444963e+02 0. 3.3026401579425357e+02 0.
    6.4552034082087766e+02 2.3522551660736727e+02 0. 0. 1.</data></M1>
<D1 type_id="opencv-matrix">
  <rows>1</rows>
  <cols>14</cols>
  <dt>d</dt>
  <data>
    -2.1952122842635921e-01 4.9684184744076054e-01 0. 0.
    4.8135056020807332e-01 0. 0. 6.5980505815928236e-01 0. 0. 0. 0. 0.
    0.</data></D1>
<M2 type_id="opencv-matrix">
  <rows>3</rows>
  <cols>3</cols>
  <dt>d</dt>
  <data>
    6.4603430532444963e+02 0. 3.3212015542874832e+02 0.
    6.4552034082087766e+02 2.3815815608565003e+02 0. 0. 1.</data></M2>
<D2 type_id="opencv-matrix">
  <rows>1</rows>
  <cols>14</cols>
  <dt>d</dt>
  <data>
    1.2488689689588064e-01 -2.4078987200994666e+00 0. 0.
    2.5938056813828978e+00 0. 0. -4.7408375596630528e+00 0. 0. 0. 0. 0.
    0.</data></D2>
</opencv_storage>
