<?xml version="1.0"?>
<opencv_storage>
<M1 type_id="opencv-matrix">
  <rows>3</rows>
  <cols>3</cols>
  <dt>d</dt>
  <data>
    5.2624511108380841e+02 0. 3.0566478982778983e+02 0.
    5.2571914523044995e+02 2.2262997761779999e+02 0. 0. 1.</data></M1>
<D1 type_id="opencv-matrix">
  <rows>1</rows>
  <cols>14</cols>
  <dt>d</dt>
  <data>
    -2.2147243494431332e-01 9.8156256482274107e-01 0. 0.
    -1.1662749568982995e+00 0. 0. 3.2493056600458853e-01 0. 0. 0. 0. 0.
    0.</data></D1>
<M2 type_id="opencv-matrix">
  <rows>3</rows>
  <cols>3</cols>
  <dt>d</dt>
  <data>
    5.2624511108380841e+02 0. 3.1180196040620859e+02 0.
    5.2571914523044995e+02 2.0992907143326678e+02 0. 0. 1.</data></M2>
<D2 type_id="opencv-matrix">
  <rows>1</rows>
  <cols>14</cols>
  <dt>d</dt>
  <data>
    -2.0762576830155152e-01 2.6724135822882239e-01 0. 0.
    2.4095362055881792e-01 0. 0. 1.5769016104912451e-01 0. 0. 0. 0. 0.
    0.</data></D2>
</opencv_storage>
