<?xml version="1.0"?>
<opencv_storage>
<M1 type_id="opencv-matrix">
  <rows>3</rows>
  <cols>3</cols>
  <dt>d</dt>
  <data>
    5.2624510324956964e+02 0. 3.0566478817541287e+02 0.
    5.2571913740404125e+02 2.2262997585523883e+02 0. 0. 1.</data></M1>
<D1 type_id="opencv-matrix">
  <rows>1</rows>
  <cols>14</cols>
  <dt>d</dt>
  <data>
    -2.2147237395879554e-01 9.8156231120428517e-01 0. 0.
    -1.1662749568982995e+00 0. 0. 3.2493026499683875e-01 0. 0. 0. 0. 0.
    0.</data></D1>
<M2 type_id="opencv-matrix">
  <rows>3</rows>
  <cols>3</cols>
  <dt>d</dt>
  <data>
    5.2624510324956964e+02 0. 3.1180196633505119e+02 0.
    5.2571913740404125e+02 2.0992907639885482e+02 0. 0. 1.</data></M2>
<D2 type_id="opencv-matrix">
  <rows>1</rows>
  <cols>14</cols>
  <dt>d</dt>
  <data>
    -2.0762578011476154e-01 2.6724145523809278e-01 0. 0.
    2.4095362055881792e-01 0. 0. 1.5769029065974138e-01 0. 0. 0. 0. 0.
    0.</data></D2>
</opencv_storage>
